% -------------------------------------------------------------------
%  Generated by MATLAB on 22-Mar-2025 19:55:37
%  MATLAB version: 24.2.0.2712019 (R2024b)
% -------------------------------------------------------------------
                               

app = struct;
app.isPaused = false;
app.isStopped = false;

